3 12 6570 587 9522 3488 6537 11519 13068 516 3576 11483 575 11548 
3 7 516 6598 3262 9498 13288 3211 391 
3 6 11518 9561 3402 6504 3476 11483 
3 11 9503 549 3629 11516 11488 5291 6545 9884 13011 11549 11518 
3 7 9503 6529 678 9638 9620 9618 9587 
3 9 9495 527 3495 3509 11463 6533 9507 9523 9725 
3 9 6533 9492 3671 11596 629 11582 595 11565 9737 
3 9 11518 11491 9725 6518 9644 667 9625 11593 6613 
3 6 3652 817 9642 6698 698 678 
3 8 6613 3589 780 762 11713 958 11875 11834 
3 3 958 11877 9898 
2 4 6583 9559 11502 11516 
2 3 6446 6560 516 
2 5 11519 3516 9536 11606 3476 
1 2 516 9536 
1 4 3516 9444 9418 6583 
1 3 6537 11407 9418 
2 4 11562 6500 6496 3262 
1 2 391 3314 
2 5 9335 6286 6241 13286 391 
1 2 6286 6336 
1 3 6496 13285 13286 
1 6 6241 9363 11346 11233 11388 9509 
1 2 11562 9522 
1 5 11548 9500 11420 454 9561 
2 2 11491 11506 
2 5 9434 11563 6569 9534 11506 
1 2 6569 11420 
1 6 6449 3579 11535 6599 9578 11563 
1 5 3552 6572 9525 11508 9495 
1 5 3552 542 6536 9510 9495 
2 2 9495 11465 
2 4 9644 3681 11628 3652 
1 3 3509 553 6599 
2 4 11488 13850 9658 3652 
3 3 11518 11506 9523 
2 4 9737 6777 14002 743 
1 5 743 11697 11699 12169 6766 
2 4 6766 943 6917 3946 
2 7 9898 6960 3946 9853 9824 854 9764 
2 5 9737 9717 6775 11702 6766 
1 4 762 3768 764 6609 
2 13 11834 911 3928 9909 11891 3772 6788 13845 6973 6946 11833 6875 6862 
2 5 3589 6784 6609 9738 6780 
2 5 817 3650 641 9590 6613 
1 7 11491 6949 9490 3533 6531 9658 6698 
1 2 11516 13848 
1 2 6657 11582 
1 4 11565 6792 3598 620 
1 8 620 3626 651 9629 11631 3493 512 9725 
2 7 11596 11869 651 6651 6644 9609 9625 
2 8 6644 11576 590 769 6770 11709 6962 6960 
1 7 6766 3948 752 11718 6773 6789 590 
1 4 11718 3771 9751 620 
1 2 6786 6613 
1 4 11465 11616 11600 6657 
1 4 778 11573 6639 9590 
1 2 6666 11573 
1 5 11606 3447 9472 3560 5291 
2 4 9620 11604 663 9638 
2 4 6666 11590 9622 9620 
2 4 663 11601 3641 9600 
3 3 3780 9584 9600 
1 5 663 11623 6680 9633 11618 
2 4 9638 11640 6712 6542 
3 20 9503 6542 3530 6568 589 6488 6444 529 6570 6469 495 9443 11431 9509 405 3234 3326 6349 6325 9347 
2 3 495 6535 9509 
1 2 11388 6535 
2 4 6583 9575 11531 3629 
2 4 11531 563 3558 6568 
1 2 11435 9575 
2 3 9575 3423 6444 
1 3 3558 11560 6444 
2 4 587 3444 11456 6241 
2 4 529 9482 3398 9443 
3 21 955 819 9826 923 11846 9904 11751 6862 9750 9879 9907 11889 6985 6606 9752 6790 14804 3780 776 3782 6780 
2 8 692 9652 11634 11618 9630 9598 3604 603 
1 2 6946 9907 
2 5 6788 771 9741 11730 6780 
2 3 771 11726 6790 
2 6 925 967 14813 9924 782 6606 
2 9 925 9838 6831 3966 6939 883 6843 9784 11837 
1 7 9990 12066 3901 10027 3968 851 955 
2 3 819 11803 6939 
1 5 11773 11874 11824 9863 9772 
1 10 7059 10074 3857 1156 4159 14799 4014 1009 7147 3857 
1 3 10027 9856 11837 
2 4 6626 628 13844 14810 
1 2 13211 6680 
3 5 692 3705 561 11529 11544 
3 6 692 6693 708 519 9517 6568 
1 4 663 6934 11486 9517 
1 5 6934 3690 9655 11638 6693 
2 7 11544 571 3299 3541 532 3703 9665 
3 5 6708 9665 11651 704 11666 
1 8 3675 668 6673 3674 3673 6687 9679 9661 
2 16 11666 6690 9661 9648 9646 665 596 3654 11581 624 3592 9595 6647 11577 11580 11586 
2 5 6708 688 3675 9666 11634 
1 4 3675 6691 9650 9679 
1 4 9347 3368 3231 11366 
2 7 6364 3277 11251 317 6389 11331 9320 
1 3 394 6235 6364 
1 2 399 3277 
1 2 3206 399 
3 13 9347 9320 9294 11219 375 6521 3499 11545 9456 11359 9375 526 6377 
2 3 9375 3522 9456 
3 5 3499 9560 3535 11481 6559 
3 8 3535 6582 538 6524 482 3474 9416 11544 
1 2 6708 3703 
1 5 692 11653 6725 9681 3703 
3 9 6488 6594 11417 11445 6549 564 6513 11493 6377 
2 3 11417 9572 11544 
1 3 241 309 3326 
1 3 11360 11264 11233 
1 2 11264 309 
1 5 495 3398 9547 3524 6488 
1 3 9517 6555 11529 
2 3 6377 3271 3326 
3 4 6377 6218 6298 9320 
2 7 6521 11505 9496 3473 444 3532 6558 
1 9 11331 11305 321 9388 3340 349 3312 6282 3207 
1 3 11505 3207 3312 
1 5 321 293 3258 11444 6521 
1 3 11305 11276 9294 
2 5 482 3500 9524 564 11431 
1 5 3535 9441 11404 586 571 
1 5 6559 573 3514 9535 11415 
2 9 6521 9428 478 11415 3572 3438 6595 552 9570 
2 4 3522 11468 425 6524 
1 3 628 9613 6673 
1 4 11590 13291 3612 9587 
1 4 9587 6635 607 3780 
1 3 6770 9728 11877 
1 3 9335 11318 11264 
2 4 3277 3325 3260 6393 
3 4 3305 6393 6287 9279 
2 12 9279 6345 9362 6412 3307 383 295 11070 69 11151 3171 6115 
3 3 6050 161 11082 
2 14 6050 9149 6127 11091 3045 11147 11040 9151 205 130 9088 182 3113 6132 
2 5 9108 6083 9143 11201 6132 
2 12 11082 11188 9109 9308 6311 6397 9406 9329 242 9410 9300 6345 
2 6 295 3375 3063 6188 9209 9109 
2 8 6311 9209 9185 3106 9193 3148 49 3045 
1 4 6050 11163 35 9185 
1 3 242 363 11215 
1 2 299 363 
1 6 299 3229 6148 11289 9393 6311 
2 7 6188 6164 9054 11114 6195 179 6160 
1 3 69 6028 11114 
1 4 383 3386 6406 9329 
1 5 3005 9182 6093 156 3148 
1 8 3022 6038 3111 11049 6129 9154 3108 205 
1 5 49 9051 11209 11123 3108 
1 8 9108 3104 3054 11155 6206 101 6055 192 
1 10 9126 6214 173 6111 3126 6187 9069 6173 115 6038 
3 6 3021 6160 11078 6115 14 9174 
1 5 3021 11028 9135 6114 3093 
2 6 3021 6042 11113 11206 6118 3022 
1 2 6114 6118 
2 7 122 6145 9170 3059 6080 9204 6115 
2 9 53 6176 3049 9296 11176 9096 6151 11029 9174 
3 3 6115 9103 9157 
3 3 11105 6144 67 
2 8 11105 6108 9194 3083 9094 11172 11066 3137 
2 3 3137 9167 6144 
2 9 67 9073 9183 11056 6082 9206 9100 3060 3151 
2 6 3061 9183 165 11043 136 11141 
2 6 3137 6163 9160 9056 9163 11043 
1 3 3025 32 3117 
1 3 3122 11065 9038 
2 16 3137 3025 9038 63 3172 9156 195 11121 158 11081 11164 11125 9147 6125 6165 9108 
1 3 11115 3193 11125 
1 5 11164 162 6087 11204 9112 
1 12 158 120 82 9233 11079 11024 6134 6175 9119 11054 6096 6021 
1 5 11141 9104 3125 6146 11079 
1 5 6082 52 139 3030 9061 
1 5 136 37 6033 6156 9061 
1 5 9061 9181 6210 3185 6146 
1 5 9056 6141 11144 11132 195 
2 6 3654 9596 13852 9627 599 6626 
1 3 3673 11612 9596 
1 3 9627 11564 3601 
1 2 11735 11564 
2 8 3924 3974 984 6611 591 3601 3596 11581 
1 2 984 11901 
1 5 3670 9624 11610 9643 6670 
2 8 11581 13258 6672 3670 682 14794 6703 13846 
3 2 9660 13846 
2 3 11610 6685 682 
2 7 13846 11663 9676 6720 686 3700 11666 
2 2 665 11627 
2 3 686 11627 3670 
2 3 9660 3718 11625 
2 6 9660 716 3731 3713 11520 6573 
2 9 716 6716 699 730 11659 6735 3730 9706 11691 
1 4 699 11646 6700 11625 
2 8 9660 9690 6561 11679 541 9692 6739 11666 
2 8 541 3484 11539 581 3550 6573 3565 11691 
1 3 11539 3537 6561 
2 5 11539 9551 9412 14959 6464 
2 13 362 3380 3295 6321 6259 3544 467 3482 11532 3586 9427 14961 6464 
2 8 6558 3460 3510 9570 6512 9511 11467 6464 
1 6 6282 6390 6334 9334 9361 11372 
2 5 362 13851 9263 11343 11372 
1 4 3380 6402 6332 395 
1 9 6321 6347 9346 6375 9398 395 348 3288 6314 
2 3 3320 327 6296 
1 8 310 11358 9246 9438 530 6229 9731 6314 
1 3 6296 6360 6229 
1 3 3288 3337 6229 
2 6 3320 9295 11342 11226 11358 310 
1 5 395 3384 11312 3272 6296 
2 9 3544 524 402 11274 11301 347 318 6359 9304 
1 4 11301 11329 9372 9398 
2 7 6558 388 11232 279 3324 389 3380 
1 2 389 13851 
1 4 9334 9277 11260 279 
2 6 279 243 6401 548 11492 3544 
2 7 11492 9508 11428 9546 11558 6462 9570 
2 8 9427 11413 442 6499 6522 3434 9468 11479 
2 4 3586 506 14960 11467 
2 4 3559 9521 11507 6522 
2 3 3559 3521 402 
2 16 467 3458 3559 6484 9452 11441 422 513 572 11543 3470 3570 11514 550 504 525 
2 4 6558 17 11515 548 
1 4 3473 6236 9387 9277 
2 10 402 9544 3392 3256 6306 3309 9304 9236 11216 11370 
2 3 11532 6416 3458 
1 4 3434 9494 6580 9452 
1 6 243 11515 9439 9546 479 11467 
1 5 9262 11246 6342 265 9340 
1 5 3296 3194 3525 6222 265 
2 4 9340 10323 7482 310 
2 10 310 341 222 319 415 11202 11097 3053 6139 11032 
2 6 9340 9240 10493 3388 6408 9221 
1 3 3152 496 3074 
1 2 496 6381 
2 11 3152 11426 11127 11443 4640 104 11186 9097 6174 79 11068 
2 4 11426 9079 6099 9221 
1 2 530 265 
1 4 3392 6546 3412 422 
1 4 9304 9359 6413 3320 
2 4 3320 6340 277 11370 
1 8 6340 406 9341 358 6371 6326 9386 387 
1 7 11241 9323 6249 6326 3219 6459 310 
2 12 11241 11353 11290 306 3362 6387 9272 11254 335 401 3327 3391 
2 7 11241 11220 6354 11271 6233 6344 9288 
1 4 6344 6319 3203 6232 
1 7 3256 6415 560 11503 6579 9554 6232 
1 4 11503 3556 11341 9304 
1 5 11370 216 6292 3378 6344 
2 5 11370 294 6220 9241 11241 
1 8 11341 3759 360 386 6292 342 9289 11271 
2 6 11691 3548 9563 6460 6483 11479 
1 3 11479 9558 422 
1 3 11503 6520 11543 
1 5 6232 6556 9466 441 11514 
1 4 9466 9568 489 3568 
2 7 9288 546 3568 6532 6458 11557 525 
2 8 11479 491 3483 6509 3457 9533 11464 11514 
1 7 11464 9481 9435 3757 9714 9698 11670 
1 3 3701 6727 11670 
2 3 9716 565 11686 
1 4 9548 3743 6571 3548 
2 8 9617 674 9651 11652 9701 6747 723 9716 
2 3 674 6677 657 
1 3 657 9635 687 
2 3 9617 3663 9651 
2 8 9617 3636 818 11588 6652 11657 11592 11608 
1 6 9481 476 6455 414 3577 565 
1 5 9435 9576 13214 6600 565 
2 8 491 11411 11550 9548 6761 744 14006 9716 
1 3 11543 6557 3483 
1 5 11550 577 3407 3430 6455 
2 8 3686 705 6724 9677 9680 6741 11668 3760 
1 4 737 568 3722 6724 
1 2 767 11700 
2 9 6474 6776 429 3767 6596 767 737 3755 11683 
1 2 429 6420 
2 4 6474 6493 9430 9417 
2 6 6474 6505 9461 11450 11418 9417 
2 8 6596 11405 453 11437 6423 11561 574 11683 
1 4 11452 486 3466 6474 
2 7 418 9556 6554 9531 11487 6519 6505 
2 5 418 3531 11461 11452 453 
1 5 3557 11504 6495 3468 3452 
2 8 418 11397 3557 9413 6605 3584 582 11557 
2 7 504 9465 11438 458 3452 6451 6423 
2 4 9698 11703 11546 11683 
1 3 11546 3403 3452 
1 5 3757 11409 434 409 3452 
1 3 504 11490 9481 
1 3 3457 462 3430 
2 8 6532 3480 6508 9477 522 9542 580 3580 
1 4 522 3520 501 11397 
1 5 11504 511 6578 3508 11461 
1 5 458 488 9491 11530 582 
1 13 9154 46 3039 11148 184 11069 3138 11 3003 11190 148 6074 6206 
2 2 3583 6464 
2 4 3583 6590 6562 3569 
1 3 9570 3545 11414 
1 7 6470 3585 3418 11432 469 11401 11414 
2 4 6559 11432 6440 11542 
1 2 6470 9441 
1 4 11542 6418 424 6470 
2 6 11542 9569 9541 6552 9527 11666 
1 4 9665 732 543 9541 
1 3 6418 6592 9541 
2 5 3569 3553 583 9429 11542 
2 2 6739 557 
2 4 9692 9539 557 3569 
1 2 3484 6590 
1 3 11414 494 583 
1 4 494 445 6485 6512 
1 2 6485 3583 
1 3 9541 569 3553 
1 3 6647 9608 9643 
2 8 3694 11622 9640 6682 11608 9606 614 3614 
2 4 3617 9621 6670 11625 
2 3 3617 3614 11586 
2 10 11818 3526 3833 3882 9874 6940 9890 3922 3939 937 
2 6 11868 965 949 935 6857 3526 
1 5 9809 9780 9914 3884 11767 
1 3 3882 3865 11856 
2 4 11659 3696 3709 6711 
1 5 690 9668 9670 9672 6711 
2 9 3663 11619 690 3676 6709 6679 676 3694 6711 
2 2 6747 3741 
2 3 744 3741 11672 
1 3 11672 3689 9668 
2 3 11672 11655 11652 
1 4 818 3639 6695 6709 
1 3 11646 679 6682 
1 5 11622 9619 6667 3645 6652 
2 4 965 9771 3630 6652 
1 4 3548 746 713 3696 
1 5 6761 11689 9685 6731 9672 
1 3 6571 9704 6731 
2 9 949 3908 3937 6923 9862 11842 3893 6895 9833 
2 5 9902 9888 6814 6952 6923 
2 3 9783 9919 9902 
2 8 965 793 3796 9610 6842 9769 649 9783 
2 3 6842 3819 6952 
2 4 6842 9612 6658 9617 
1 2 11597 9783 
1 2 9862 878 
2 7 3893 11905 11774 9791 6990 14004 3526 
2 2 9862 11905 
1 3 9837 936 10163 
2 9 11818 10163 3844 6930 863 976 1109 13854 4109 
2 3 7211 3988 13854 
1 2 6930 3973 
2 8 11805 3861 3798 9787 6924 9817 11673 6734 
2 4 6734 9689 11710 758 
2 8 9787 6818 845 874 6867 6907 9846 11825 
1 3 9817 724 6941 
2 6 11805 970 980 3866 3790 6880 
1 6 980 6933 3846 6986 11768 11805 
2 6 3861 924 844 3926 3886 11851 
1 4 6818 6996 11885 3926 
2 6 9689 11677 11840 3725 920 6907 
2 5 11840 11843 726 3729 11707 
2 5 11825 4024 9872 11684 9703 
2 4 726 3920 9872 903 
2 5 740 3735 11852 885 903 
2 5 743 3737 3933 932 3735 
2 4 932 9857 6901 3816 
1 4 9813 11821 11838 11697 
2 5 3816 790 6836 6812 9764 
1 3 6836 872 897 
2 6 6906 9896 6817 3873 6966 6812 
1 6 6906 3799 9812 7213 11737 3816 
2 7 10024 13856 4098 962 9889 6856 6906 
2 8 858 6914 9852 11742 888 3835 11884 6856 
2 3 888 3891 3799 
2 3 13856 1093 11884 
2 7 3938 9767 6993 9785 11766 813 3816 
1 2 9785 3859 
1 2 903 6936 
2 4 758 6955 11692 11677 
2 5 6867 3874 939 3794 3938 
1 3 11851 3940 9815 
3 11 3938 896 858 11863 9778 6896 3871 875 9891 7098 7183 
2 5 875 6744 7198 10009 9979 
2 3 10009 7153 13232 
2 4 9815 4080 7183 1048 
2 6 7198 1090 1176 4095 10111 3871 
1 3 12038 11956 1176 
2 5 11884 832 11812 3953 9778 
2 7 11851 6902 9925 985 6948 6832 9778 
2 4 10111 950 12081 9778 
1 4 7183 1178 4182 7198 
1 4 11851 11798 6954 7098 
2 4 11293 3359 3242 3379 
2 6 11293 3342 303 9310 11267 7394 
1 3 11293 7377 285 
1 2 11267 11237 
1 2 11267 6313 
1 4 11371 11238 369 3359 
1 3 303 11287 9255 
1 3 276 3329 3379 
1 2 9303 11287 
2 7 351 11299 11378 9392 9383 3273 6395 
1 8 6300 159 11306 9075 9161 11207 200 11136 
2 4 11136 3150 6300 9383 
1 5 11064 3159 6104 6046 9075 
2 7 3273 6320 11218 11332 6399 6335 6384 
2 3 11332 219 351 
3 10 351 11270 9332 9269 11382 6237 364 9322 296 11221 
2 2 11297 9269 
2 4 6384 6318 9379 9269 
2 8 6526 540 3463 3422 6489 9458 11446 3501 
2 3 3463 9484 3369 
3 4 6103 9239 6221 3369 
2 5 3369 6378 377 407 11361 
1 3 6363 311 3301 
3 8 6384 3205 11345 9297 6270 9268 11221 6103 
2 4 271 221 11374 6103 
3 4 6103 11333 13070 3501 
2 3 9458 507 6103 
2 5 6378 3241 6301 3301 3205 
2 2 6221 6270 
2 3 6318 9315 11382 
1 2 364 3353 
2 4 9315 13857 11345 9297 
2 3 296 11253 271 
2 28 3134 11117 9201 6181 3121 9162 3008 86 3189 9195 94 9045 6021 11175 155 11092 6094 9118 11159 90 6057 11153 11059 70 9197 11068 149 3151 
1 4 9140 6117 11183 3134 
1 3 3121 9123 197 
2 10 9206 11162 3050 6150 3187 6052 9176 6070 11150 11153 
1 2 3187 3030 
2 4 3151 9150 9105 3050 
1 5 9176 6153 2998 11146 11054 
2 10 9045 9055 11038 3092 9248 6102 3130 11171 312 3338 
1 3 11171 3075 11089 
2 11 121 9122 11099 2 11107 9131 9199 3157 6075 9187 3130 
1 3 6153 40 6094 
1 3 9187 3031 11178 
1 3 9221 592 415 
2 12 11241 323 387 207 9254 11304 9319 3089 9098 11032 6174 3151 
1 3 117 11139 11032 
2 4 117 3072 6095 70 
2 17 121 6101 3077 6203 85 3176 3101 2999 9333 3321 8 6225 320 9319 11392 6324 11202 
2 11 9131 11213 3124 6189 3085 93 11093 6131 3140 11174 70 
2 6 6077 97 3190 3116 3220 121 
2 17 7482 11222 222 3333 6242 9353 207 11234 9287 3235 6367 287 11349 11326 366 9302 11282 
2 13 3259 344 9256 6245 333 11315 2999 187 9111 6086 6035 3072 79 
3 7 11282 3259 11236 9278 301 9348 6414 
3 3 11282 3391 6414 
2 4 11236 9345 11205 121 
2 9 11236 9046 9144 6203 150 11084 9177 11048 6086 
2 16 3391 6348 3377 382 246 6365 9261 6252 3335 3364 343 371 11325 11298 9342 9288 
1 5 6354 289 11230 11383 371 
1 6 306 3210 11336 6305 3390 3335 
1 4 11254 11369 11300 382 
2 4 382 3308 11347 6262 
2 4 6262 6396 6290 9348 
2 8 3580 9260 9328 9355 9411 11242 3292 6262 
1 6 3335 3306 6330 11553 9566 9477 
2 5 3580 558 3492 6481 418 
2 6 3580 457 3554 9579 6477 413 
2 11 413 6317 6369 9394 9273 11294 11248 11379 11268 9282 9348 
1 6 9355 11368 11214 384 356 3346 
2 7 6262 6315 212 3376 356 3291 6477 
2 3 6369 6398 3346 
2 12 3578 3426 9460 6328 3304 3332 367 396 11351 11381 9367 9394 
2 7 11487 570 9424 473 11475 3527 413 
2 4 473 9489 534 9579 
2 7 11450 11459 3519 3540 6591 11412 11475 
1 5 6252 9301 3345 9318 11254 
1 7 306 3297 9253 352 3345 11235 246 
1 4 11254 11384 6303 11349 
1 3 11349 9343 11315 
3 3 3391 6380 11282 
3 4 3259 6380 6283 11236 
3 3 6414 6380 301 
1 4 3335 6411 9384 9355 
1 4 6315 9313 6279 9273 
2 20 9131 3175 11095 174 3164 84 3079 6100 9124 186 108 3155 1295 10579 7712 10723 11098 12502 3169 1684 
1 3 6121 99 3155 
2 2 10579 12558 
1 2 1295 154 
1 2 11200 3155 
2 6 186 3102 11025 9114 6171 6124 
2 10 6124 272 3139 3027 370 9293 12203 7346 11352 7375 
2 6 9293 7359 6217 6278 6388 9385 
1 5 11195 12187 12527 1754 7375 
2 7 7375 11228 278 11307 7228 12567 1821 
2 7 7375 12216 361 3280 7320 10133 1821 
1 2 12527 278 
2 10 9292 1233 10329 10142 12117 12130 291 7237 6368 9385 
2 3 1233 12287 10133 
2 6 291 1278 1258 10226 1378 12298 
2 13 361 10314 10286 1380 206 7403 6278 11320 3294 3394 404 260 6338 
2 10 6124 9370 11149 9050 9172 6149 3245 270 9368 11375 
2 12 9050 112 175 11180 9136 9200 6180 6077 3056 62 9168 11107 
2 11 11375 9389 6295 6392 3268 357 280 378 6316 11362 301 
2 4 357 9267 6135 3116 
2 13 11375 3303 11277 11344 9298 6410 6362 3339 214 11217 9235 3290 301 
2 6 9258 9286 6391 11324 11394 11277 
2 8 6338 11243 11356 9373 6312 6374 3352 11277 
1 2 9259 11356 
2 4 9402 9305 11387 6338 
2 12 11243 11292 9354 392 9338 6302 6226 9299 11225 9243 9365 6226 
2 9 11225 11348 393 3357 3330 6379 10299 12128 12298 
2 8 11225 11377 11256 227 12172 3289 273 291 
2 7 9385 10301 3214 11496 9514 11339 9354 
2 6 392 6294 3334 3269 324 6391 
2 4 12298 1210 1406 4261 
2 8 11248 269 9376 3257 6284 9276 11262 6391 
2 4 11324 345 3197 6312 
2 7 9258 11393 11240 257 3196 3246 6226 
2 10 9258 6248 6291 9324 3266 232 275 11258 9245 9273 
2 4 9258 9409 6382 6328 
1 3 275 3302 3257 
2 7 9702 12380 3564 12320 6997 4755 1896 
2 5 1599 9702 6669 10403 10472 
2 12 3653 772 3658 6671 1599 1539 11674 11645 4477 4614 1536 7661 
1 2 11704 4614 
1 3 4473 12434 1536 
1 2 6763 11645 
1 2 1599 12309 
1 2 12450 12320 
2 8 11599 11617 11647 9663 3698 3717 3720 3734 
2 4 719 3760 11729 3734 
2 3 3760 9696 3720 
2 16 7661 7495 4458 7624 4463 3668 3682 683 11632 6702 11661 731 11678 9694 735 9709 
1 4 11614 685 6718 731 
2 2 3672 683 
1 2 714 11678 
2 7 3734 6768 9709 6781 3587 585 9417 
2 5 3734 3752 765 11559 9417 
1 3 735 9726 11696 
1 5 11696 748 11727 6765 11724 
2 3 3717 6738 735 
2 9 6781 775 3417 3443 11400 9459 11447 498 3529 
2 7 11450 484 509 3489 3505 6527 3529 
1 4 3489 3478 6490 3443 
2 8 3682 6701 700 6748 3726 6760 11706 9753 
2 9 3529 11474 520 6516 6486 9455 11429 6620 9753 
1 4 748 3748 9707 731 
1 7 9753 9592 3622 11578 615 464 11455 
2 6 3529 9504 3582 9436 11485 3539 
2 6 3578 6539 9475 6506 6602 3582 
1 9 3578 11523 9432 6601 3551 6574 410 3404 11537 
2 8 3578 483 3477 326 3316 6366 6394 6226 
1 8 3316 6502 452 11458 11321 365 338 393 
1 5 3551 452 9337 9391 9243 
1 6 6516 6541 3517 6479 499 6601 
2 8 6369 9339 9312 11436 471 6587 544 3539 
2 8 6328 6492 11408 544 11512 9529 6553 3527 
1 3 9529 6528 9464 
1 2 437 6528 
1 6 11537 9526 11510 3502 3563 4322 
2 5 12298 4322 1254 4294 13586 
2 3 13586 7341 4261 
2 9 13586 7313 12227 12198 10140 10312 10284 12229 12157 
2 7 4261 4215 7281 4411 7401 12157 9292 
2 6 1258 4265 4311 7328 10256 4411 
2 3 9292 1327 1292 
2 4 1821 307 12106 1292 
2 5 13297 10189 1543 9553 1821 
1 5 7228 1704 1841 7895 7796 
2 10 4411 7429 10312 12115 12285 1276 4309 4238 10211 10308 
2 6 1418 1391 13581 4369 1363 10284 
2 3 7874 7741 1418 
2 5 1292 1775 1294 1694 7874 
2 3 1775 12185 4369 
2 11 7874 13591 10568 1709 10696 12546 12679 1733 1860 13294 7825 
2 8 13297 1387 4209 9512 10670 4780 7800 1709 
1 6 4659 7833 1812 12602 4817 12672 
1 4 4817 12574 12517 10536 
2 4 4659 4754 4824 13297 
1 2 13559 13561 
2 3 1418 7298 10211 
2 4 7825 4734 1297 1794 
1 4 12594 13587 11410 13562 
2 6 7708 13588 12613 10546 13562 1794 
2 5 7708 10630 7317 10633 10308 
1 3 7708 4661 12594 
2 9 7825 7274 4866 4789 4793 7886 7815 13296 4724 
1 4 4789 7789 13564 12174 
2 5 4789 13563 4665 1369 2923 
1 2 4803 1794 
1 6 10649 10580 10712 7815 12666 12595 
1 3 1297 12515 4665 
1 4 2923 1685 1816 10649 
1 4 1704 7778 1750 1543 
1 4 12679 4806 1797 12613 
2 19 4724 7744 4853 10570 7876 1803 4808 1735 7828 4737 13574 10654 7759 10583 1666 4675 7785 12660 7851 
2 8 1727 13552 12540 10661 10549 1813 1876 4853 
2 33 13552 4797 1762 4837 10528 7816 1696 10658 7751 1826 10643 12556 4832 12543 7851 10678 12657 7763 12654 1802 4246 13565 13566 12192 12189 10466 11643 6686 664 6684 11750 6989 957 
1 10 1826 12641 4677 4719 7743 4745 13150 4852 10567 7873 
1 8 7785 4821 10714 1795 4726 4798 10701 10641 
1 2 4719 7725 
2 3 13565 7672 4551 
2 2 7763 13548 
2 6 7754 4829 7616 4701 12263 12192 
2 6 12654 7754 4847 1730 1845 12660 
1 5 12446 1322 1820 1755 1742 
1 5 9604 9589 1325 12136 12263 
2 2 957 6961 
2 3 6944 11879 957 
2 10 957 3977 810 6811 11906 3791 10376 7591 9782 10433 
1 9 11455 3618 9453 11591 12235 1247 4254 10253 4394 
1 7 7563 10406 4563 1517 11701 4523 10262 
2 10 10308 10239 4232 4333 7407 7335 1402 4595 12385 4773 
2 11 1459 4686 13583 12397 7597 12329 7657 7600 7243 4300 4374 
2 6 12397 12340 13584 10603 12583 4224 
2 5 10547 13578 10146 4773 10603 
1 9 10547 13579 10619 10550 10680 7784 12635 4867 12594 
1 5 1402 1239 7332 4764 10680 
2 6 13586 4394 1429 1314 1220 4374 
1 5 10262 12163 12108 1371 1314 
1 10 7407 4250 10179 1243 12121 10220 10277 7392 7354 4374 
1 4 1276 7383 4277 12121 
2 3 10660 10601 1459 
2 5 1459 7682 4629 7775 1623 
2 3 7775 10671 7639 
2 5 1623 1573 7639 12722 1384 
2 10 1623 10470 4499 1576 1614 10435 14195 7541 12474 10262 
1 7 12333 7491 7560 4482 10742 9605 1573 
1 4 12333 10510 4599 7563 
1 5 12333 12491 1493 12465 1576 
1 7 7563 1593 12359 7602 10385 10768 10837 
1 2 7560 4958 
1 10 12465 1649 12161 9605 1632 756 12239 12218 10205 1384 
1 2 7224 10205 
1 2 12218 12248 
1 2 7584 756 
1 5 13579 4845 12601 7850 4709 
1 5 10680 12662 1708 1783 7850 
1 4 4867 1864 7890 13587 
1 2 12427 1864 
1 3 7407 12152 10292 
1 2 12121 1312 
2 6 12589 13480 13481 12547 13487 13476 
2 6 4696 13484 13476 13477 13498 12648 
2 4 1833 7576 13492 13477 
1 3 1833 4584 13484 
2 2 13487 13484 
1 2 1833 13478 
3 2 13524 10400 
2 4 13524 13513 1494 1468 
2 3 1494 13506 1468 
1 2 1468 13499 
2 6 13524 13523 13508 13507 13504 12648 
1 3 13508 12064 1494 
1 7 12589 13474 10415 13475 13497 13503 13509 
1 6 8136 12519 13834 13830 13825 2207 
1 3 13830 13829 13826 
1 6 13830 4879 10963 13820 5189 13817 
1 2 2229 13820 
1 8 12648 5231 13527 1509 13509 13510 5203 13817 
1 6 13481 13488 13490 4822 13501 13527 
1 3 13506 8178 8245 
2 4 10400 13516 10566 8245 
2 3 10400 5106 13528 
1 5 13528 13522 14660 14728 13837 
1 3 10566 7900 8245 
1 7 13837 13838 13833 10525 13827 8214 13517 
2 5 10400 13518 13517 13512 13507 
2 4 13837 4851 13840 13842 
1 7 14742 14740 7872 14732 13839 14729 13838 
1 3 13528 13521 10566 
1 2 1785 7683 
1 2 7683 13811 
1 2 10244 7644 
2 14 7361 7644 7304 1424 12289 634 4362 13812 13782 7433 10320 4417 7345 4345 
2 2 7433 12149 
1 2 4417 13783 
1 3 1424 4285 4342 
1 5 13812 12291 1284 4305 4422 
1 4 4305 7379 4432 1424 
1 4 983 4419 13791 13792 
1 2 12149 13691 
2 5 4345 13786 9601 7291 12149 
1 2 9601 13813 
1 3 7291 12223 13791 
1 3 4345 13784 1341 
2 6 3778 490 3605 11567 9580 6797 
3 12 3763 774 13814 722 13815 9667 6710 6769 9684 11685 11641 6713 
2 14 7899 4775 13766 10718 1782 13764 4869 7366 9467 3640 11728 9585 9583 3775 
2 8 13745 4426 13744 13769 13770 13767 13765 7899 
1 10 13764 12701 10621 4784 13789 7875 13804 13788 13160 7291 
1 6 9467 12278 12582 602 777 13766 
1 5 9467 6510 9480 1299 4784 
1 4 6797 11569 605 11585 
3 3 3778 4270 4345 
3 3 3763 3775 6797 
2 3 11654 749 3763 
2 5 10718 7794 13771 13773 13770 
2 9 13745 4872 12688 3721 13747 13750 12663 10611 13753 
2 7 13753 13755 9669 13718 13719 515 13723 
2 7 13723 13735 7787 13716 3706 13709 7718 
2 7 5239 13763 12682 13758 10656 13754 12663 
2 7 12663 13746 13738 13742 13739 13741 7718 
2 6 4426 1873 11667 12597 10618 10685 
2 4 3721 13743 13740 13746 
1 2 13753 4739 
1 4 13729 13728 3010 13723 
1 5 13724 13727 7766 13732 2407 
2 6 7718 1262 13700 13702 13704 4877 
2 9 3706 13706 13710 4877 4343 13714 7853 4413 1408 
2 6 1408 4428 10157 7315 13645 7386 
2 8 13723 13724 13721 1347 7761 1737 13715 13714 
1 8 1347 13722 12571 1323 13712 13705 1393 1408 
1 4 1799 13726 13720 12571 
1 3 13609 13091 4833 
2 7 7386 13644 10271 3513 4328 4274 13641 
2 7 10271 7255 12155 10690 4747 12673 1690 
2 4 7315 12214 10327 1690 
1 2 10198 10327 
2 6 12155 12183 1414 13641 4347 6665 
1 5 4328 528 10151 3471 6665 
2 4 9713 710 4607 10422 
2 6 9713 9697 13659 768 781 6665 
1 4 6757 6681 677 11658 
2 13 9671 3677 13652 3840 986 6881 13663 11859 9814 13670 11757 7517 1562 
2 12 3677 3678 6699 6694 6876 4518 13649 9911 941 10483 13238 13670 
2 3 9713 13655 6699 
2 2 11658 13655 
2 8 13238 13239 823 13662 7986 13631 8115 13632 
1 2 8115 853 
2 7 853 13632 3834 7920 5044 12791 10740 
2 5 4799 13665 4657 12303 11795 
2 3 10483 11795 13238 
2 5 6665 13660 766 13658 9713 
2 6 4865 10651 13669 1862 4736 10422 
2 3 766 11698 10422 
1 2 13669 10591 
2 5 4799 7879 12699 12573 10651 
2 9 4865 13635 10662 4742 1756 6887 3869 13621 1827 
2 15 4865 10582 12535 10672 1736 4741 12585 4857 7880 10706 7877 12566 1836 4772 10685 
2 9 12535 9695 12607 9616 7721 13642 12553 10687 12673 
2 5 13704 12578 1832 12124 1690 
2 4 12791 3883 13627 4975 
2 4 13627 1972 6897 12765 
2 5 13665 11814 12765 1793 8115 
2 7 1827 1809 13628 1738 2102 10642 4975 
1 2 6887 7684 
2 8 1827 7780 4723 10640 12561 12633 7888 10582 
2 2 12535 7888 
2 4 1736 6742 12676 1832 
1 2 6742 3781 
2 5 1832 4838 1854 1857 13700 
2 4 12585 4860 11712 1857 
2 6 1857 10593 10624 4863 7883 4759 
2 6 13738 12603 4759 10709 1752 10685 
1 2 10706 7883 
2 3 1752 3719 12597 
2 6 12585 1851 7760 4610 4794 4723 
2 5 4794 10711 1815 7814 1851 
2 4 1734 7896 12588 11667 
2 3 10618 12693 1734 
2 7 1734 12550 6827 1719 1866 9880 7536 
2 10 7745 1747 3750 12620 12667 12577 7536 4807 4664 10526 
2 7 12586 13622 7852 3855 3613 4749 4794 
2 4 4740 10340 4586 1738 
2 3 2102 9908 13688 
2 4 13688 2055 12624 4586 
2 7 12791 3867 8070 10867 12893 9908 12624 
2 8 1827 12642 12570 4871 10532 1753 12513 1352 
2 5 4740 7892 1352 13625 7834 
2 4 7780 11772 4830 10606 
2 5 7852 10606 3708 10676 12586 
2 7 1719 3699 10526 10341 1560 11589 12312 
3 3 9450 12312 12368 
3 3 12368 9682 9450 
2 3 12357 13646 9450 
1 2 12456 12312 
2 4 4166 926 13647 12357 
2 5 1734 7776 4029 7829 926 
1 6 4166 4738 709 751 5205 12582 
1 3 709 4854 10599 
2 2 3699 4029 
2 8 7536 4691 11788 1770 1678 10516 10391 10717 
2 3 10676 9892 1678 
2 4 12577 10595 1683 13622 
2 2 3708 12513 
1 3 12620 7862 4772 
2 3 10685 10719 9880 
2 9 10717 12361 7607 7449 4590 1527 10339 6737 12368 
2 3 13622 10666 11788 
2 4 4691 11971 9910 1560 
2 4 9910 10478 10393 4590 
2 4 1678 1586 7539 10393 
2 3 12361 1621 4569 
2 4 4569 1523 12365 4590 
2 4 9910 1831 4664 3699 
2 17 7552 4535 4507 12313 1500 10337 12410 4884 2042 13672 6785 12369 13895 13889 13899 10769 13894 
2 8 13680 10861 13678 5022 1927 12782 6987 6785 
2 3 10337 10504 10861 
3 2 13680 3960 
3 2 7834 10717 
2 9 12782 13673 2019 12728 5038 1954 13676 13679 10740 
2 6 12893 13689 12301 1915 9920 13680 
2 6 13679 10894 4955 13690 13685 12301 
2 5 13688 3972 4919 5085 9920 
2 7 4740 7904 5103 13617 8025 2082 3960 
2 8 3960 10778 4577 12401 7555 7599 1453 7552 
2 6 12313 1528 12401 5001 9829 3960 
2 4 10337 7628 805 4577 
2 4 12782 13674 13675 12410 
1 3 5022 12341 10337 
2 4 13678 7836 12875 12301 
2 4 5085 11743 9822 5103 
2 8 3972 10702 10798 7904 1806 2043 1534 10370 
2 3 10370 1441 1621 
2 7 1621 12346 7586 10477 12489 12458 7485 
2 5 7797 4625 7586 12463 10370 
2 3 13625 9802 2043 
2 4 2043 6803 7945 9829 
2 3 7945 7485 5001 
2 10 11654 6707 3687 882 6890 9825 3685 689 11656 6710 
2 10 11654 734 3733 3747 9708 1436 9693 3806 6911 3878 
3 8 3878 6882 11782 6845 3824 822 6984 3957 
2 2 3878 859 
3 7 3878 9847 6909 9832 11830 3906 6732 
2 5 6732 3712 3732 7462 12459 
1 4 12459 10318 1282 4342 
1 4 13783 10230 12202 10318 
1 3 4362 4287 1282 
2 5 3806 11665 10381 11662 7345 
2 4 3806 718 715 6732 
2 7 9832 13612 3710 715 3715 4445 10381 
1 4 10230 10481 733 3715 
1 6 3747 6795 6778 598 3602 7345 
2 6 11654 9664 11680 11650 6717 1436 
2 3 6845 11900 11740 
2 2 11782 9801 
2 4 3824 11785 9820 11799 
2 4 6845 11799 3863 6882 
2 3 6890 4442 11800 
2 8 3687 6705 11800 880 12405 6872 6885 11785 
2 3 9820 3897 6717 
1 4 6872 702 9836 9664 
2 3 6855 659 3685 
1 4 6855 827 9808 11800 
2 7 4601 11890 971 10441 7588 7466 1506 
2 9 6855 11760 11776 4601 13615 1445 12568 4988 10657 
3 2 11760 659 
2 4 9923 6823 6929 6984 
2 2 6929 3957 
2 4 3957 873 6846 3823 
2 3 3823 11738 788 
2 2 3823 865 
2 4 1506 10412 11841 11738 
2 5 1506 10343 11873 951 3957 
2 4 11800 11789 11769 6823 
2 3 6855 9760 971 
2 4 6890 6874 3853 659 
2 5 9450 6713 9654 11637 689 
1 3 6769 3766 10303 
1 3 11685 11714 9747 
2 8 11776 831 9796 1595 12437 1604 7626 12305 
2 4 689 870 9810 9796 
2 5 13615 6696 6974 12670 12501 
2 4 12501 10281 1758 10657 
1 3 3824 9786 6892 
2 7 9682 10461 720 12697 10457 12305 4569 
2 7 9682 4437 4531 12437 11635 10727 6974 
1 4 1595 10448 1881 6696 
2 5 12697 4508 4531 7551 9810 
2 5 4569 4449 4540 7615 7797 
1 4 6974 4402 10586 7615 
2 5 7797 10615 1987 13619 12501 
2 4 12735 12803 5059 10281 
2 4 10615 10753 1587 12735 
2 4 4565 12429 4622 1587 
2 4 7555 1559 10410 4565 
2 11 1453 7524 4464 7668 7480 10520 10352 10380 10407 12353 12381 
2 6 12381 1572 12439 866 10489 9834 
3 2 9834 1843 
2 3 866 13616 7388 
2 3 7388 1584 1572 
1 3 7388 12752 1913 
2 6 12353 1433 1480 11975 1547 7202 
2 7 7524 4650 4565 12328 4510 7464 7797 
2 6 7797 1646 4444 7543 1503 5001 
1 3 1559 10355 7543 
2 3 7480 4756 4622 
2 14 1758 968 9996 12384 638 9949 1485 4653 10495 7138 10096 12445 10439 1506 
2 3 12735 4594 9996 
2 4 10657 913 8014 10495 
2 4 8014 9779 4627 7588 
2 4 9779 12637 7547 971 
2 6 12735 11509 860 7640 12325 12353 
2 3 4756 492 860 
2 4 638 7118 10465 1547 
2 5 12384 10492 12470 1433 12381 
2 5 1547 10029 7012 7134 13618 
2 7 7138 13618 7083 7045 13620 3925 11738 
1 3 1132 10051 7083 
1 4 13539 12954 13451 5121 
1 4 5121 12984 8229 650 
1 3 12994 13445 5146 
1 4 13448 13447 8217 13445 
1 3 5171 13444 13445 
2 2 650 8222 
1 5 13445 13446 13457 10987 5229 
1 4 10987 12930 8157 5230 
2 6 13464 2160 13453 12916 13358 12951 
1 4 13464 13460 13458 12979 
1 5 11005 12982 10981 12494 1639 
2 5 7621 13413 4573 1555 12364 
2 2 12364 12379 
2 7 1639 13412 12409 12394 10402 13418 12364 
1 2 10362 13419 
1 4 13412 1596 13433 12998 
1 4 12998 10375 13417 10402 
2 8 13430 13435 10985 13427 13420 7500 12351 12364 
1 4 12364 10515 12453 13422 
2 8 8216 13438 5143 8255 13436 13000 13429 13420 
1 2 10924 13464 
1 2 12930 5179 
1 5 1585 1598 4589 4604 7638 
1 3 1598 7594 10447 
1 2 7581 1598 
1 2 4533 5156 
1 4 13346 8239 13345 5178 
1 5 7594 1542 1529 5156 13346 
1 2 2109 13346 
2 5 8181 13346 11008 10947 10513 
3 3 13341 10513 5112 
2 9 13341 13334 10432 13339 10980 12334 13347 8148 7476 
2 9 13341 13335 12972 13336 5186 12937 2181 13356 5148 
2 6 12951 13355 10994 13343 13340 10947 
2 2 10947 12972 
1 2 12937 10945 
2 6 13336 12438 7636 12977 13379 8140 
1 13 13379 13378 13380 12987 13382 12959 13278 13366 2168 12913 5220 13397 12933 
2 7 5107 13391 2178 2228 13396 2150 13397 
2 7 2178 2164 7561 13394 13388 10989 2227 
1 3 2164 13387 8227 
1 2 13387 13392 
2 3 8143 13384 10946 
1 3 8242 4617 13384 
2 10 10946 13350 8184 8177 5194 8233 10931 7476 2167 13348 
2 3 12977 13348 13379 
2 4 13348 8210 2185 13339 
2 2 8210 8148 
1 2 12334 8226 
1 4 10999 4570 7589 8148 
1 2 13275 4980 
2 8 9994 11969 10091 7162 14474 11921 10026 7005 
2 4 7081 1160 4163 9994 
1 6 11969 7180 14475 4061 11935 10082 
1 2 10082 7005 
2 6 1145 9964 1013 11923 7132 4150 
2 3 4150 4116 14852 
2 4 1065 1201 4206 13218 
2 3 4206 13248 13249 
1 2 13218 7176 
2 4 4111 13319 13320 4550 
2 8 1088 10087 13330 4550 1056 1072 13322 12473 
2 9 2089 13314 13313 13305 8001 13310 10876 12046 13299 
1 5 8123 13302 3795 12413 13311 
2 7 13299 13301 13302 1600 10106 10804 1549 
2 2 13299 13308 
1 2 13308 3795 
1 5 1549 13329 10882 901 2013 
1 6 12473 7671 3942 13327 13324 2013 
1 2 13320 12442 
1 3 2189 5187 5181 
1 3 7798 1759 10637 
2 5 7798 4776 12932 12924 12910 
1 2 4776 4791 
2 8 12406 12435 10682 10455 1667 7755 12576 7798 
2 2 12435 7859 
2 3 12576 2155 2130 
1 4 5134 10455 4836 12377 
2 10 12406 1537 10427 12377 11019 2114 8249 5211 10925 12910 
1 2 2155 2146 
2 9 12406 7520 10388 7496 7664 1611 10458 10445 7564 
2 7 7564 10430 4530 4546 5227 11006 10941 
1 4 4546 1570 2116 10977 
1 3 12377 7533 8234 
1 3 10388 4478 4453 
1 2 8234 4453 
2 13 7564 7535 7522 4481 12308 7651 10487 10460 4560 7566 12367 4520 10378 
1 4 10460 12411 1557 10936 
1 4 12367 7538 2187 5206 
2 15 10925 5225 8186 10927 8165 5197 12948 2191 10969 12962 10997 1526 10983 2157 1652 
2 3 1652 8228 7453 
1 2 12962 12990 
1 11 7669 1431 12104 1454 1478 12915 10979 2223 12992 12906 10927 
1 2 8152 12993 
1 3 5125 10950 12993 
2 4 2211 2203 5195 2197 
1 2 8241 2211 
1 4 2197 7839 4819 12632 
1 2 2197 8204 
2 9 1814 4804 7692 1786 1746 1713 7887 1565 4543 
1 3 1786 10609 4748 
1 3 7692 12617 12604 
1 2 7887 12664 
2 12 10279 7381 12249 1386 7223 12277 1413 4390 4608 10479 12472 7654 
2 9 7381 4406 7421 4434 7642 12277 12293 10491 4608 
2 6 4361 4320 1313 1274 10322 12268 
1 4 1274 10150 10294 7440 
1 3 1648 4652 7673 
2 7 10265 10236 12236 10306 1372 12279 4228 
2 12 12299 4424 13546 7427 4412 10297 1376 12215 7342 1291 12144 7236 
1 7 4412 12255 10227 7329 1279 12131 7236 
2 12 7236 4371 1337 1394 12201 1281 1308 4388 12220 12122 1427 7408 
1 3 4348 7587 1427 
1 3 7408 7225 4433 
1 6 4639 7319 10177 10134 1244 7225 
2 3 4639 7376 7432 
2 21 4401 12232 10232 12204 1285 10162 4405 4334 1300 4255 10137 10309 4379 1302 7280 12297 4397 10016 11936 1185 4075 
2 5 4121 9948 7015 12048 4075 
1 2 4119 12048 
2 5 1522 12319 10075 12075 4075 
2 5 7408 10250 12195 10438 12431 
2 6 1464 7516 12360 12373 12388 12195 
2 8 10371 7492 7353 7572 10411 12173 10221 10250 
1 8 12292 1385 1315 7295 12125 1403 4336 12127 
2 4 1330 12127 1417 12256 
1 3 4585 1607 7603 
1 6 4585 1492 7469 12464 1082 8063 
1 4 12335 10386 12404 4585 
2 8 4585 12449 7034 1650 10344 10283 10154 1330 
2 4 10344 12256 4626 4585 
1 3 7034 4202 12404 
1 3 1492 7562 1170 
2 10 7186 7214 13544 13543 13542 11959 1091 13540 12068 11914 
2 5 7186 9955 4096 1175 11914 
2 3 13262 7125 13264 
2 11 6944 898 6822 959 6922 3852 3981 6928 14142 11770 14141 
2 5 6860 11835 912 9790 14141 
2 6 9803 6963 11775 11896 3912 9790 
1 5 6822 3803 14143 9899 6963 
3 22 4102 1183 12006 11925 4164 7110 1025 11985 10052 1092 11946 7212 12031 7072 11960 4142 10125 12097 7087 7157 9998 1182 
3 6 10032 10128 11989 11908 1097 1182 
3 2 1117 11989 
3 14 1182 993 1113 4118 1024 7169 1165 9807 11847 6994 9859 3962 7532 10444 
2 8 4102 11949 12032 1020 7178 10092 4027 1025 
2 2 11925 10092 
2 3 7110 1158 9950 
2 5 7197 11997 7046 4179 4094 
2 4 7212 4094 9965 12028 
2 6 7072 7113 1133 1051 4054 4142 
2 9 11985 7050 1191 7145 1167 10055 9985 1136 7072 
2 3 1136 1067 4142 
2 3 1092 9968 7145 
2 3 1067 7102 10032 
2 5 10125 4069 10100 10015 10128 
2 3 10100 12072 11908 
2 7 1117 11930 4067 1063 9865 6873 6994 
2 3 1063 12056 7169 
1 3 11930 4153 1024 
1 4 10444 10512 7595 4646 
1 4 4576 1642 12421 10512 
2 11 7816 4766 10554 4801 7752 1787 4856 1723 12331 7048 12403 
2 11 9833 11829 11811 6871 3951 909 3907 9901 6925 11747 804 
1 5 11883 3919 6920 9844 804 
2 5 804 3862 3964 919 9777 
1 5 11894 9915 3935 3903 9777 
2 14 909 6877 3876 784 11907 10041 9929 10038 7130 4112 928 9921 11778 6912 
2 5 3951 11831 856 785 9921 
2 3 9901 11792 940 
2 3 3876 11860 940 
2 7 940 9755 6807 9763 10056 11810 11746 
2 4 9763 9830 3870 921 
2 5 9777 6977 921 3807 3862 
2 4 9777 9761 3890 7620 
2 4 9893 6813 886 11746 
2 3 7620 9912 6813 
1 3 7620 11759 4512 
1 6 12318 10497 11739 876 9860 7620 
2 8 9761 6965 11797 9954 11853 6991 10472 3564 
1 3 6935 7604 4755 
1 5 1549 12416 11871 9823 9893 
2 6 1896 12793 2071 4553 7969 10837 
1 2 7969 4637 
2 9 10837 12818 8093 11671 5073 1957 5029 2000 7560 
1 4 12871 10806 1888 5073 
2 5 2026 1963 10828 12780 10913 
2 4 5073 8009 10873 1963 
2 7 5005 7953 1922 2065 1982 10922 10837 
2 2 8040 1982 
2 3 2026 5067 10922 
2 4 8117 4966 4928 2026 
1 4 5067 12704 4983 1963 
2 3 10913 12863 7982 
2 5 10913 12809 12895 2070 5075 
1 6 4111 4486 7001 7151 4574 4591 
1 8 7079 9989 11967 10061 11910 1071 4145 4076 
2 5 4076 7164 10073 7011 12049 
2 4 12049 4073 12004 7011 
1 2 10073 10005 
2 9 12004 4143 7188 7030 10028 1151 12071 1064 11999 
1 3 5010 7980 8124 
1 2 5097 7980 
2 4 12806 12881 12826 12796 
2 3 12725 7989 12796 
1 3 8105 4963 12796 
1 7 12806 1914 10795 2016 10827 8052 1960 
1 3 8052 4033 10908 
1 6 7133 8223 14335 14334 12929 12989 
2 3 1939 5196 5210 
2 3 2196 8205 12911 
1 3 12911 5180 2176 
1 2 5180 10932 
1 4 2206 5224 8183 2196 
1 3 8205 12967 10988 
1 3 1951 14107 14111 
1 6 10919 14106 14110 14112 14114 14115 
1 3 8035 14029 14030 
1 3 8252 5051 12798 
1 2 12997 2162 
1 3 2210 2182 5166 
1 3 1937 12845 10747 
1 2 7936 10790 
2 4 2057 4968 12813 12727 
1 3 8101 10901 2057 
1 3 2057 4974 10815 
2 4 4968 10923 10850 1955 
2 3 12727 5024 10791 
2 5 5075 8013 5105 10813 10735 
2 5 3456 10108 4110 7084 10735 
2 6 12822 9084 8007 10139 7903 10735 
2 3 4979 10887 12822 
2 4 10139 8106 10173 4979 
1 3 12717 8022 4979 
1 3 7344 10287 10201 
1 2 10287 1213 
1 2 10287 12258 
1 3 7179 10514 1553 
2 8 1553 1525 12366 10349 10389 12338 7565 7593 
1 2 12322 1525 
1 4 12322 1116 7455 10349 
2 7 4245 12050 7124 4616 7662 10416 10389 
2 2 4616 11929 
2 7 4516 4544 7537 7593 4644 10077 4245 
2 13 4245 4062 4104 1101 10060 10116 12462 11978 10001 10255 4237 1228 7340 
2 10 7340 4321 1430 10152 12180 10278 10149 12164 10246 12247 
2 13 12247 1409 4327 7402 1321 1238 7447 7391 10190 7244 7395 12208 1273 
2 4 7391 12275 7363 12247 
2 5 8011 10808 4420 7436 10278 
2 3 7363 8067 10808 
2 4 7244 1412 12146 8011 
1 2 1409 7265 
2 5 1349 12269 7232 4395 1273 
2 9 1349 10270 12182 4353 1359 10324 8087 1275 4321 
2 8 1273 4291 12105 10799 10756 12779 7310 12180 
2 7 8087 5104 10259 10756 4414 8100 8011 
1 4 12105 4278 10208 8100 
1 5 12105 7250 12295 10210 12182 
2 8 1349 7013 4187 7150 11952 9975 1144 10118 
1 3 1144 7207 4132 
1 2 10118 12037 
1 2 1061 1144 
2 7 9975 1103 12886 4149 1908 2054 2086 
2 3 4110 1147 12886 
2 6 1908 12844 12041 10066 10729 12005 
2 3 2086 2032 10729 
1 3 12005 12754 10905 
2 3 2054 4915 2086 
2 8 4915 5086 1377 13293 9973 10751 1541 4516 
2 4 5086 12137 5055 12786 
2 5 9973 12786 2005 1569 4516 
2 4 2086 11955 9951 1377 
2 7 10729 12708 5157 5002 10021 8114 1377 
2 5 8087 11950 10511 7619 4883 
2 8 7013 4072 10019 11993 7205 10872 4950 11995 
2 3 4883 10030 10872 
2 8 4883 4557 12420 1579 10469 12241 7372 10255 
2 4 1579 9946 10428 10060 
1 2 7372 7428 
2 4 4072 7060 1405 4353 
2 4 1405 10311 12781 10030 
2 3 12781 5019 11950 
2 7 4245 4204 1444 12035 12307 4513 10428 
2 4 4516 4571 1637 12035 
1 4 12035 10358 1059 4104 
2 7 1637 10471 12480 10332 4410 4953 11995 
2 4 12420 10401 8120 4410 
2 6 11952 7165 12743 4106 10816 11995 
2 2 12743 12080 
2 4 1908 4971 2092 10816 
2 4 4915 10807 5096 4953 
2 4 12137 13283 5040 4410 
2 2 12822 12005 
1 2 12844 12718 
1 3 1038 11963 994 
1 4 1038 1070 11990 994 
2 4 4189 1047 7108 10062 
1 8 10433 12412 12355 7670 10463 9623 12342 4551 
2 5 9623 10519 1571 12482 3791 
2 5 6944 9897 973 9766 3791 
2 6 1150 6851 6918 9854 6981 6860 
2 7 1150 3783 964 11764 9781 987 11771 
2 5 6860 6910 6804 9885 11771 
1 4 9781 892 836 9854 
1 10 6910 945 9759 9803 11781 9841 927 11862 6964 9897 
2 5 7591 9913 946 11850 9841 
2 8 11771 11808 916 4642 4572 11744 7652 10433 
2 4 9803 3888 3913 4642 
1 6 10433 7523 11864 7663 3932 3913 
1 8 12537 4809 7873 1847 1588 1645 7526 10433 
1 4 4745 10638 1502 7812 
1 5 7812 1627 4561 4633 7652 
2 6 13548 7832 12548 7897 4592 7526 
1 2 1588 7897 
1 3 1732 1545 10463 
2 11 10068 11822 900 3830 9905 11886 6837 9835 11815 6951 11771 
2 3 900 1052 3830 
2 11 9843 6969 881 814 3881 11855 6852 9927 6893 846 11771 
3 3 9843 11761 10068 
2 2 11822 6969 
1 8 12331 12448 1608 12348 10363 7578 12469 7812 
2 5 9927 3877 1638 930 4572 
1 3 12469 11903 3877 
1 5 3877 12478 1508 3978 10363 
1 5 3978 10499 4495 1489 828 
1 3 4495 7674 1608 
2 5 9843 6904 1590 828 12403 
1 9 4709 10674 10691 12737 4823 4849 7737 4788 12656 
2 11 4709 12656 7732 1838 12820 12596 5076 2099 2053 12327 12732 
1 9 1838 4843 1778 7727 4783 10899 7803 8055 1959 
2 4 8121 4994 5033 10741 
2 8 5033 5080 12899 4914 7940 10834 10796 2099 
2 8 4925 1367 2045 531 12882 12797 4888 12732 
1 3 4937 7965 7976 
2 3 7965 4559 1319 
2 5 1522 4501 12282 7446 1319 
2 10 4121 4177 7137 10050 12023 7044 1087 1187 7152 1047 
2 4 11981 7039 12077 1187 
1 3 11981 7135 4160 
2 3 7137 11926 1018 
2 4 11981 10105 7192 12023 
2 3 4925 7240 6999 
2 6 1319 12841 5072 12819 1395 4925 
2 3 6837 6898 3881 
2 4 3881 9873 6937 4495 
2 3 881 11801 6937 
1 3 4561 4506 1645 
2 8 4205 1200 4186 10000 7089 4071 12045 1069 
2 6 1069 7189 11980 11944 4137 10068 
2 7 10000 1184 12074 4089 12093 10119 11944 
2 19 9843 4140 12026 7109 7000 4093 4190 1188 1169 11933 7129 4010 7085 9995 10079 4079 10064 4203 7035 
2 4 7109 10022 11996 11980 
2 9 1575 1034 1531 10367 12300 10507 7631 10424 12403 
2 5 4093 12078 12344 1519 1531 
2 6 10507 1438 1027 10480 6828 12026 
2 4 7631 10451 4960 1959 
1 4 10899 10770 5100 2053 
2 7 12797 556 6638 3742 8081 10854 1959 
2 5 8081 10880 7314 1458 1531 
2 4 8081 4986 3427 10451 
2 11 7014 12052 10076 1089 10095 7142 4082 1029 9971 4157 10000 
2 26 7014 12076 4042 7191 11991 1096 7058 9974 10058 1168 4013 1055 4099 10069 4169 4196 7027 11986 7071 10010 10093 9938 9978 7067 4050 7108 
2 6 12282 1653 1172 10459 4077 7137 
2 8 6999 4431 1010 10763 4504 1884 7606 12282 
2 11 4504 4532 7549 7521 10039 10404 1023 7128 7210 4092 7152 
2 3 7044 4152 7128 
2 5 7137 7650 1597 7095 10404 
1 4 1597 4134 12436 4532 
2 3 4504 10819 5072 
2 22 4504 10616 8095 7577 10335 10006 7279 7101 10517 7097 9999 4631 4619 1036 7637 7035 10044 11937 7104 4173 10101 7191 
2 11 7101 7434 12086 1612 7609 10474 4519 4547 1603 11931 1575 
2 6 6999 1893 11865 7948 7596 7609 
2 5 11865 10144 7418 7406 7301 
2 8 531 7911 1933 10733 12156 8049 7208 1034 
2 5 12156 7301 12713 6932 11931 
2 5 531 7256 12274 8026 7240 
1 4 7279 7201 5030 7948 
2 9 1047 12095 10080 12014 11918 9982 12350 13143 7097 
2 5 10404 4480 12017 7665 7279 
2 2 7521 7577 
2 7 12350 1448 4156 10057 7172 4083 3992 
2 6 3992 9984 11961 4113 10042 4169 
2 8 3992 4038 7054 7007 7174 11920 11947 1055 
2 3 7007 12019 10044 
2 5 7071 12084 1006 4053 4081 
2 4 10080 1120 11945 4081 
2 4 9938 4165 1078 11945 
2 4 4081 1053 7199 7172 
2 4 1006 10084 1138 11961 
2 4 12350 7159 10377 12017 
2 12 11931 1004 9958 7656 10098 4010 12069 10043 12015 4181 1124 9971 
2 13 7609 4009 7580 10446 12426 4158 10064 12036 7222 1146 11913 11982 1089 
2 5 10079 7126 7540 12012 1004 
2 5 4082 1076 12055 7025 4010 
2 6 11913 4148 1001 1161 1121 12055 
2 4 1069 7160 9987 11933 
2 5 11931 4606 1180 10421 1519 
2 4 10101 4105 1099 11913 
2 4 4619 7167 9934 4009 
1 5 12753 13933 13934 13954 10889 
2 3 10889 2021 13939 
1 2 13939 12867 
2 7 8089 13976 1965 13968 13960 12810 13959 
1 2 13967 13968 
2 3 13968 13959 10889 
2 6 8089 13974 13982 13984 13985 13983 
1 3 13983 13981 8032 
2 8 8089 13977 13978 13986 13987 13988 5052 13914 
2 4 13978 2011 7913 13919 
2 6 2051 13992 13089 13993 2008 13987 
2 2 13983 2008 
2 14 13870 13869 4908 13932 13867 13892 8057 13885 13882 10895 12873 13877 13994 13089 
1 2 13892 1945 
2 6 13914 13917 13919 4956 13915 13879 
2 8 13897 13898 13924 10853 10738 12804 13918 13917 
1 6 12804 13880 13886 13888 13893 13897 
2 6 13894 12721 13887 13884 5021 13879 
2 7 13894 13925 13923 13922 1952 13920 13917 
2 3 13924 7973 13925 
2 4 2019 13929 13927 7973 
2 5 10769 13900 13902 5061 6987 
1 3 13902 13671 6785 
2 5 13906 10830 12850 8003 13897 
1 4 13927 10746 13928 12850 
2 5 13892 13901 7935 13905 13906 
1 3 13906 2037 1954 
2 5 13906 12745 8097 13911 10740 
2 6 13870 13871 8012 13874 13629 3834 
1 8 8012 2069 13864 12833 13866 13865 12461 1562 
1 2 13866 7986 
1 3 13874 13872 5071 
2 3 9701 6706 11652 
1 11 14071 14019 14075 14078 14014 14081 7983 14065 8071 14068 14067 
2 13 7125 7221 7204 14132 14131 11977 14120 14121 14123 14126 14127 14124 4056 
2 5 4056 12060 1054 12085 14118 
2 6 14118 14119 14125 14128 14129 11977 
2 3 12060 4086 14123 
2 4 14126 12089 4103 14122 
2 6 7021 14122 14134 10036 14136 7125 
1 3 14128 7175 14132 
1 2 14136 14137 
1 4 14132 1100 9936 14122 
2 2 14141 4052 
1 3 10065 14140 14139 
2 6 13264 1003 11915 10065 14138 14141 
1 3 6928 10083 848 
1 4 10083 9981 7070 11915 
1 3 11591 13008 10262 
1 4 5117 12925 14981 10968 
2 5 5117 8193 14342 14341 12975 
1 4 12929 5160 10962 1939 
1 5 7133 2154 14315 14977 14978 
1 3 14236 14232 14234 
1 4 14234 14230 14229 14228 
1 12 2050 14391 14394 14393 14437 14443 14448 14413 14414 14421 4972 14426 
1 3 14413 14407 14444 
1 8 4150 14485 7008 14483 14511 14508 14510 14509 
1 2 14539 10078 
2 6 7081 10078 12051 9976 14515 14514 
1 6 1160 1058 1141 14513 12034 14514 
2 6 12051 14487 4046 14537 11939 1145 
1 2 14537 14538 
2 4 14537 13077 10059 14514 
1 2 7008 10045 
1 4 10059 12888 4970 14481 
1 7 5139 14358 10948 14350 13240 2192 14341 
1 5 14625 14624 14631 14632 14630 
1 8 14594 14597 14595 14596 8138 14598 14552 14554 
1 18 14608 14611 14605 14607 14609 14610 14613 2126 14614 14564 14565 14563 14568 14570 1968 14962 14235 14236 
1 7 8245 14665 14667 14669 14675 2151 14660 
1 7 13842 10929 7842 14681 14683 14682 14680 
1 5 14682 14686 14689 14718 14719 
1 8 14710 14706 14695 14699 14696 14700 14697 14705 
1 3 14695 14717 14719 
1 2 14694 14689 
1 6 14717 12908 14722 14723 14724 14757 
1 7 14742 14743 14750 14755 14760 14784 14228 
1 8 10988 14781 14778 1846 14767 10930 14756 14755 
1 2 9914 14786 
1 3 3884 9875 6900 
1 3 3617 619 11580 
1 2 11858 14790 
1 7 9809 14790 14788 937 3956 9599 11586 
2 7 11586 11583 14792 6998 14791 11887 11868 
1 4 3882 11832 9906 14791 
1 5 11583 6634 630 9756 11887 
1 3 14792 6970 3922 
2 9 11670 741 13209 6743 11686 9683 3724 13210 6706 
1 5 3592 6619 14798 9588 9591 
1 7 6647 9591 6799 11899 11872 9894 11816 
1 4 6799 606 3609 11580 
1 3 6799 11574 11577 
1 3 11837 11998 6979 
2 4 11751 14812 6926 967 
1 3 6831 963 923 
1 4 11891 14801 770 6780 
1 3 6973 3976 6790 
1 2 9741 776 
2 7 3780 969 11568 603 14807 14810 11584 
2 4 6606 6793 9582 14807 
2 4 603 3776 11734 6606 
2 8 14852 989 4097 10013 14850 14849 7100 1194 
2 3 989 12100 13230 
2 7 9945 10113 14853 1194 10070 14847 7069 
2 3 7069 14845 11943 
2 5 7069 10023 4139 14835 4108 
1 2 10023 14842 
1 2 14839 4139 
1 2 9945 13231 
2 3 4600 14872 7622 
1 2 4600 14870 
2 5 14871 14869 14877 14873 7622 
2 5 14871 10374 14868 14864 14865 
2 6 14865 4476 12347 14863 14862 14860 
1 3 1550 14860 14859 
1 3 1550 7546 4476 
3 2 14921 8113 
1 3 13997 14650 13998 
1 2 14650 13999 
1 10 13998 14648 12710 14647 14063 10915 10829 14070 14047 14048 
1 3 3550 417 11413 
1 10 14236 14238 14243 14245 1516 9986 14271 14276 2024 7716 
1 7 14986 14984 14277 14257 1929 14254 14245 
1 3 1929 14251 14968 
1 6 14307 14302 14973 14297 10858 14986 
