1 49 
1 117 
1 121 
1 122 
1 158 
1 192 
1 207 
1 291 
1 310 
1 351 
1 362 
1 383 
1 391 
1 413 
1 418 
1 488 
1 495 
1 516 
1 525 
1 544 
1 564 
1 587 
1 590 
1 603 
1 650 
1 663 
1 692 
1 709 
1 715 
1 722 
1 3755 
1 819 
1 853 
1 863 
1 881 
1 937 
1 949 
1 957 
1 972 
1 1006 
1 1047 
1 1069 
1 1082 
1 1092 
1 1113 
1 1145 
1 1150 
1 1182 
1 1274 
1 1330 
1 1347 
1 1349 
1 1384 
1 1408 
1 1414 
1 1424 
1 1433 
1 1459 
1 1464 
1 1492 
1 1546 
1 1562 
1 1595 
1 1599 
1 1626 
1 1638 
1 1652 
1 1690 
1 1719 
1 1727 
1 1734 
1 1774 
1 1799 
1 1803 
1 1814 
1 1821 
1 1827 
1 1843 
1 1854 
1 1864 
1 1896 
1 1929 
1 1939 
1 1995 
1 2013 
1 2023 
1 2026 
1 2028 
1 2050 
1 2054 
1 2070 
1 2086 
1 2106 
1 2152 
1 2184 
1 2197 
1 2407 
1 2923 
1 2999 
1 3021 
1 3022 
1 3134 
1 3151 
1 3152 
1 3155 
1 3273 
1 3320
1 3335 
1 3338 
1 3369 
1 3379 
1 3392 
1 3457 
1 3513 
1 3529 
1 3544 
1 3556 
1 3559 
1 3569 
1 3578
1 3580 
1 3652 
1 3668 
1 3686 
1 3706 
1 3733 
1 3734 
1 3735 
1 3775 
1 3778 
1 3780 
1 3791 
1 3816 
1 3823 
1 3878 
1 3882 
1 3924 
1 3938 
1 3957 
1 3960 
1 3981 
1 3992 
1 3999 
1 4056 
1 4058 
1 4075 
1 4076 
1 4094 
1 4108 
1 4109 
1 4111 
1 4112 
1 4196 
1 4241 
1 4255 
1 4345 
1 4374 
1 4401 
1 4516 
1 4518 
1 4543 
1 4565 
1 4569 
1 4590 
1 4601 
1 4608 
1 4609 
1 4619 
1 4639 
1 4659 
1 4696 
1 4724 
1 4759 
1 4794 
1 4799 
1 4801 
1 4817 
1 4822 
1 4823 
1 4843 
1 4865 
1 4889 
1 4893 
1 4925 
1 4975 
1 4979 
1 5010 
1 5029 
1 5030 
1 5064 
1 5103 
1 5107 
1 5117 
1 5121 
1 5143 
1 5148 
1 5179 
1 5230 
1 5427 
1 6050 
1 6103 
1 6115 
1 6124 
1 6132 
1 6229 
1 6262 
1 6278 
1 6282 
1 6287 
1 6338 
1 6364 
1 6377 
1 6380 
1 6474 
1 6488 
1 6490 
1 6496 
1 6521 
1 6524 
1 6558 
1 6559 
1 6573 
1 6606 
1 6613 
1 6652 
1 6665 
1 6696 
1 6706 
1 6710 
1 6757 
1 6766 
1 6780 
1 6813 
1 6845 
1 6890 
1 6906 
1 6923 
1 6940 
1 6944 
1 6994 
1 6999 
1 7014 
1 7045 
1 7071 
1 7097 
1 7109 
1 7125 
1 7132 
1 7137 
1 7138 
1 7151 
1 7169 
1 7183 
1 7186 
1 7191 
1 7211 
1 7260 
1 7301 
1 7328 
1 7361 
1 7375 
1 7381 
1 7407 
1 7408 
1 7434 
1 7500 
1 7552 
1 7560 
1 7564 
1 7566 
1 7619 
1 7622 
1 7661 
1 7708 
1 7751 
1 7754 
1 7775 
1 7797 
1 7798 
1 7812 
1 7825 
1 7859 
1 7874 
1 7899 
1 7965 
1 7994 
1 8087 
1 8089 
1 8105 
1 8112 
1 8117 
1 8140 
1 8193 
1 8214 
1 8223 
1 8227 
1 8245 
1 8249 
1 9038 
1 9075 
1 9131 
1 9136 
1 9258 
1 9279 
1 9288 
1 9297 
1 9303 
1 9329 
1 9340 
1 9347 
1 9379 
1 9417 
1 9427 
1 9450 
1 9467 
1 9477 
1 9495 
1 9503 
1 9517 
1 9570 
1 9576 
1 9616 
1 9617 
1 9620 
1 9628 
1 9660 
1 9665 
1 9692 
1 9693 
1 9713 
1 9716 
1 9737 
1 9753 
1 9764 
1 9778 
1 9779 
1 9783 
1 9803 
1 9809 
1 9817 
1 9833 
1 9843 
1 9868 
1 9904 
1 9907 
1 9908 
1 9910 
1 9958 
1 10000 
1 10032 
1 10041 
1 10062 
1 10064 
1 10070 
1 10074 
1 10106 
1 10227 
1 10262 
1 10265 
1 10278 
1 10284 
1 10308 
1 10337 
1 10400 
1 10404 
1 10422 
1 10433 
1 10444 
1 10447 
1 10463 
1 10513 
1 10547 
1 10606 
1 10616 
1 10621 
1 10641 
1 10685 
1 10696 
1 10717 
1 10718 
1 10735 
1 10737 
1 10740 
1 10747 
1 10756 
1 10788 
1 10834 
1 10837 
1 10913 
1 10934 
1 10946 
1 10980 
1 10999 
1 11005 
1 11006 
1 11014 
1 11054 
1 11105 
1 11114 
1 11141 
1 11159 
1 11202 
1 11225 
1 11241 
1 11248 
1 11254 
1 11267 
1 11293 
1 11301 
1 11351 
1 11370 
1 11375 
1 11437 
1 11455 
1 11479 
1 11483 
1 11506 
1 11516 
1 11519 
1 11537 
1 11542 
1 11544 
1 11563 
1 11581 
1 11584 
1 11586 
1 11596 
1 11610 
1 11618 
1 11659 
1 11666 
1 11670 
1 11685 
1 11686 
1 11696 
1 11724 
1 11771 
1 11789 
1 11805 
1 11818 
1 11825 
1 11831 
1 11834 
1 11837 
1 11899 
1 11913 
1 11925 
1 11929 
1 11960 
1 11969 
1 11973 
1 11974 
1 11977 
1 11981 
1 11995 
1 11999 
1 12004 
1 12035 
1 12068 
1 12071 
1 12080 
1 12118 
1 12121 
1 12142 
1 12149 
1 12181 
1 12189 
1 12263 
1 12277 
1 12291 
1 12298 
1 12299 
1 12301 
1 12320 
1 12329 
1 12333 
1 12338 
1 12340 
1 12357 
1 12364 
1 12366 
1 12373 
1 12384 
1 12401 
1 12406 
1 12420 
1 12439 
1 12459 
1 12461 
1 12469 
1 12473 
1 12489 
1 12501 
1 12519 
1 12527 
1 12535 
1 12571 
1 12583 
1 12585 
1 12586 
1 12589 
1 12620 
1 12648 
1 12660 
1 12682 
1 12725 
1 12726 
1 12735 
1 12754 
1 12773 
1 12782 
1 12810 
1 12845 
1 12910 
1 12949 
1 12951 
1 12962 
1 12989 
1 12992 
1 13011 
1 13089 
1 13150 
1 13240 
1 13299 
1 13311 
1 13366 
1 13375 
1 13396 
1 13422 
1 13426 
1 13430 
1 13433 
1 13434 
1 13464 
1 13503 
1 13514 
1 13528 
1 13539 
1 13542 
1 13548 
1 13559 
1 13570 
1 13586 
1 13645 
1 13678 
1 13714 
1 13723 
1 13729 
1 13745 
1 13746 
1 13753 
1 13783 
1 13791 
1 13830 
1 13837 
1 13842 
1 13852 
1 13856 
1 13870 
1 13879 
1 13886 
1 13894 
1 13898 
1 13906 
1 13919 
1 13927 
1 13939 
1 13978 
1 13998 
1 14048 
1 14067 
1 14075 
1 14086 
1 14090 
1 14097 
1 14141 
1 14156 
1 14171 
1 14229 
1 14276 
1 14301 
1 14307 
1 14364 
1 14375 
1 14426 
1 14444 
1 14453 
1 14481 
1 14509 
1 14514 
1 14554 
1 14565 
1 14609 
1 14630 
1 14683 
1 14694 
1 14700 
1 14710 
1 14723 
1 14742 
1 14760 
1 14778 
1 14786 
1 14791 
1 14798 
1 14850 
1 14852 
1 14865 
1 14871 
1 14893 
1 14902 
1 14921 
1 14976 
1 14978 
1 14986 
1 15102 
1 15105 
1 15172 
1 15191 
1 15207 
1 15237 
1 15268 
1 15269 
1 15277 
1 15286 
1 15303 
1 15312 
1 15316 
1 15330 
1 15341 
1 15351 
1 15372 
1 15381 
1 15399 
1 15418 
1 15422 
1 15477 
1 15495 
1 15541 
1 15562 
1 15566
1 15604 
1 15608 
1 15620 
1 15626 
1 15637 
1 15640 
1 15642 
1 15671 
1 15707 
1 15718 
1 15726 
1 15750 
1 15755 
1 15759 
1 15823 
1 15879 
1 15952 
1 15985 
1 16027 
1 16072 
1 16094 
1 16099 
1 16103 
1 16107 
1 16124 
1 16130 
1 16134 
1 16149 
1 16156 
1 16172 
1 16189 
1 16228 
1 16243 
1 16250 
1 16277 
1 16296 
1 16302 
1 16318 
1 16371 
1 16377 
1 16385 
1 16388 
1 16401 
1 16461 
1 16462 
1 16476 
1 16497 
1 16509 
1 16522 
1 16533 
1 16549 
1 16560 
1 16564 
1 16694 
1 16725 
1 16740 
1 16743 
1 16751 
1 16758 
1 16765 
